0
0
0
0
0
0
0
0
0
0
0
0
0
0
0
0
0
0
0
0
0
0
0
0
0
0
0
0
0
0
0
0
0
0
0
0
0
0
0
0
0
0.00141364
0.00249855
0.00338467
0.0041331
0.00477728
0.00533778
0.00582838
0.00625893
0.00663673
0.00696741
0.0072554
0.00750419
0.00771663
0.00789498
0.00804107
0.00815632
0.00824184
0.00829843
0.00832659
0.00832659
0.00829843
0.00824184
0.00815632
0.00804107
0.00789498
0.00771663
0.00750419
0.0072554
0.00696741
0.00663673
0.00625893
0.00582838
0.00533778
0.00477728
0.0041331
0.00338467
0.00249855
0.00141364
0
0
0.00249855
0.00453842
0.00624956
0.007713
0.00898078
0.010088
0.0110594
0.0119131
0.0126631
0.0133201
0.0138925
0.0143873
0.0148099
0.0151648
0.0154555
0.0156849
0.0158552
0.0159678
0.0160239
0.0160239
0.0159678
0.0158552
0.0156849
0.0154555
0.0151648
0.0148099
0.0143873
0.0138925
0.0133201
0.0126631
0.0119131
0.0110594
0.010088
0.00898078
0.007713
0.00624956
0.00453842
0.00249855
0
0
0.00338467
0.00624956
0.00870469
0.0108311
0.0126874
0.0143165
0.0157505
0.0170137
0.0181251
0.0190998
0.0199498
0.0206851
0.0213134
0.0218412
0.0222738
0.0226152
0.0228686
0.0230363
0.0231198
0.0231198
0.0230363
0.0228686
0.0226152
0.0222738
0.0218412
0.0213134
0.0206851
0.0199498
0.0190998
0.0181251
0.0170137
0.0157505
0.0143165
0.0126874
0.0108311
0.00870469
0.00624956
0.00338467
0
0
0.0041331
0.007713
0.0108311
0.0135618
0.0159638
0.0180828
0.0199549
0.0216085
0.0230663
0.0243466
0.0254646
0.0264323
0.0272599
0.0279555
0.0285258
0.0289761
0.0293103
0.0295316
0.0296417
0.0296417
0.0295316
0.0293103
0.0289761
0.0285258
0.0279555
0.0272599
0.0264323
0.0254646
0.0243466
0.0230663
0.0216085
0.0199549
0.0180828
0.0159638
0.0135618
0.0108311
0.007713
0.0041331
0
0
0.00477728
0.00898078
0.0126874
0.0159638
0.0188656
0.0214386
0.0237204
0.0257416
0.0275274
0.0290985
0.030472
0.0316622
0.0326809
0.0335377
0.0342404
0.0347954
0.0352076
0.0354804
0.0356163
0.0356163
0.0354804
0.0352076
0.0347954
0.0342404
0.0335377
0.0326809
0.0316622
0.030472
0.0290985
0.0275274
0.0257416
0.0237204
0.0214386
0.0188656
0.0159638
0.0126874
0.00898078
0.00477728
0
0
0.00533778
0.010088
0.0143165
0.0180828
0.0214386
0.0244282
0.0270891
0.0294528
0.0315458
0.0333904
0.0350053
0.0364063
0.0376063
0.0386164
0.0394453
0.0401002
0.0405867
0.0409088
0.0410692
0.0410692
0.0409088
0.0405867
0.0401002
0.0394453
0.0386164
0.0376063
0.0364063
0.0350053
0.0333904
0.0315458
0.0294528
0.0270891
0.0244282
0.0214386
0.0180828
0.0143165
0.010088
0.00533778
0
0
0.00582838
0.0110594
0.0157505
0.0199549
0.0237204
0.0270891
0.0300975
0.0327771
0.0351551
0.0372545
0.0390952
0.0406937
0.0420643
0.0432187
0.0441667
0.044916
0.0454728
0.0458415
0.0460251
0.0460251
0.0458415
0.0454728
0.044916
0.0441667
0.0432187
0.0420643
0.0406937
0.0390952
0.0372545
0.0351551
0.0327771
0.0300975
0.0270891
0.0237204
0.0199549
0.0157505
0.0110594
0.00582838
0
0
0.00625893
0.0119131
0.0170137
0.0216085
0.0257416
0.0294528
0.0327771
0.0357456
0.0383854
0.04072
0.0427696
0.0445517
0.046081
0.0473701
0.0484292
0.0492668
0.0498894
0.0503018
0.0505072
0.0505072
0.0503018
0.0498894
0.0492668
0.0484292
0.0473701
0.046081
0.0445517
0.0427696
0.04072
0.0383854
0.0357456
0.0327771
0.0294528
0.0257416
0.0216085
0.0170137
0.0119131
0.00625893
0
0
0.00663673
0.0126631
0.0181251
0.0230663
0.0275274
0.0315458
0.0351551
0.0383854
0.0412636
0.043813
0.0460542
0.0480049
0.0496805
0.0510939
0.0522559
0.0531752
0.0538587
0.0543116
0.0545373
0.0545373
0.0543116
0.0538587
0.0531752
0.0522559
0.0510939
0.0496805
0.0480049
0.0460542
0.043813
0.0412636
0.0383854
0.0351551
0.0315458
0.0275274
0.0230663
0.0181251
0.0126631
0.00663673
0
0
0.00696741
0.0133201
0.0190998
0.0243466
0.0290985
0.0333904
0.0372545
0.04072
0.043813
0.0465567
0.0489717
0.0510759
0.0528848
0.0544117
0.0556677
0.0566618
0.0574013
0.0578913
0.0581355
0.0581355
0.0578913
0.0574013
0.0566618
0.0556677
0.0544117
0.0528848
0.0510759
0.0489717
0.0465567
0.043813
0.04072
0.0372545
0.0333904
0.0290985
0.0243466
0.0190998
0.0133201
0.00696741
0
0
0.0072554
0.0138925
0.0199498
0.0254646
0.030472
0.0350053
0.0390952
0.0427696
0.0460542
0.0489717
0.0515425
0.0537847
0.0557137
0.057343
0.0586839
0.0597457
0.0605357
0.0610594
0.0613203
0.0613203
0.0610594
0.0605357
0.0597457
0.0586839
0.057343
0.0557137
0.0537847
0.0515425
0.0489717
0.0460542
0.0427696
0.0390952
0.0350053
0.030472
0.0254646
0.0199498
0.0138925
0.0072554
0
0
0.00750419
0.0143873
0.0206851
0.0264323
0.0316622
0.0364063
0.0406937
0.0445517
0.0480049
0.0510759
0.0537847
0.0561491
0.0581847
0.0599052
0.0613218
0.0624439
0.0632791
0.0638328
0.0641087
0.0641087
0.0638328
0.0632791
0.0624439
0.0613218
0.0599052
0.0581847
0.0561491
0.0537847
0.0510759
0.0480049
0.0445517
0.0406937
0.0364063
0.0316622
0.0264323
0.0206851
0.0143873
0.00750419
0
0
0.00771663
0.0148099
0.0213134
0.0272599
0.0326809
0.0376063
0.0420643
0.046081
0.0496805
0.0528848
0.0557137
0.0581847
0.0603136
0.0621137
0.0635966
0.0647716
0.0656464
0.0662264
0.0665155
0.0665155
0.0662264
0.0656464
0.0647716
0.0635966
0.0621137
0.0603136
0.0581847
0.0557137
0.0528848
0.0496805
0.046081
0.0420643
0.0376063
0.0326809
0.0272599
0.0213134
0.0148099
0.00771663
0
0
0.00789498
0.0151648
0.0218412
0.0279555
0.0335377
0.0386164
0.0432187
0.0473701
0.0510939
0.0544117
0.057343
0.0599052
0.0621137
0.0639821
0.0655218
0.0667422
0.0676509
0.0682536
0.068554
0.068554
0.0682536
0.0676509
0.0667422
0.0655218
0.0639821
0.0621137
0.0599052
0.057343
0.0544117
0.0510939
0.0473701
0.0432187
0.0386164
0.0335377
0.0279555
0.0218412
0.0151648
0.00789498
0
0
0.00804107
0.0154555
0.0222738
0.0285258
0.0342404
0.0394453
0.0441667
0.0484292
0.0522559
0.0556677
0.0586839
0.0613218
0.0635966
0.0655218
0.0671087
0.068367
0.069304
0.0699256
0.0702354
0.0702354
0.0699256
0.069304
0.068367
0.0671087
0.0655218
0.0635966
0.0613218
0.0586839
0.0556677
0.0522559
0.0484292
0.0441667
0.0394453
0.0342404
0.0285258
0.0222738
0.0154555
0.00804107
0
0
0.00815632
0.0156849
0.0226152
0.0289761
0.0347954
0.0401002
0.044916
0.0492668
0.0531752
0.0566618
0.0597457
0.0624439
0.0647716
0.0667422
0.068367
0.0696554
0.0706152
0.0712519
0.0715693
0.0715693
0.0712519
0.0706152
0.0696554
0.068367
0.0667422
0.0647716
0.0624439
0.0597457
0.0566618
0.0531752
0.0492668
0.044916
0.0401002
0.0347954
0.0289761
0.0226152
0.0156849
0.00815632
0
0
0.00824184
0.0158552
0.0228686
0.0293103
0.0352076
0.0405867
0.0454728
0.0498894
0.0538587
0.0574013
0.0605357
0.0632791
0.0656464
0.0676509
0.069304
0.0706152
0.0715919
0.0722399
0.072563
0.072563
0.0722399
0.0715919
0.0706152
0.069304
0.0676509
0.0656464
0.0632791
0.0605357
0.0574013
0.0538587
0.0498894
0.0454728
0.0405867
0.0352076
0.0293103
0.0228686
0.0158552
0.00824184
0
0
0.00829843
0.0159678
0.0230363
0.0295316
0.0354804
0.0409088
0.0458415
0.0503018
0.0543116
0.0578913
0.0610594
0.0638328
0.0662264
0.0682536
0.0699256
0.0712519
0.0722399
0.0728955
0.0732224
0.0732224
0.0728955
0.0722399
0.0712519
0.0699256
0.0682536
0.0662264
0.0638328
0.0610594
0.0578913
0.0543116
0.0503018
0.0458415
0.0409088
0.0354804
0.0295316
0.0230363
0.0159678
0.00829843
0
0
0.00832659
0.0160239
0.0231198
0.0296417
0.0356163
0.0410692
0.0460251
0.0505072
0.0545373
0.0581355
0.0613203
0.0641087
0.0665155
0.068554
0.0702354
0.0715693
0.072563
0.0732224
0.0735511
0.0735511
0.0732224
0.072563
0.0715693
0.0702354
0.068554
0.0665155
0.0641087
0.0613203
0.0581355
0.0545373
0.0505072
0.0460251
0.0410692
0.0356163
0.0296417
0.0231198
0.0160239
0.00832659
0
0
0.00832659
0.0160239
0.0231198
0.0296417
0.0356163
0.0410692
0.0460251
0.0505072
0.0545373
0.0581355
0.0613203
0.0641087
0.0665155
0.068554
0.0702354
0.0715693
0.072563
0.0732224
0.0735511
0.0735511
0.0732224
0.072563
0.0715693
0.0702354
0.068554
0.0665155
0.0641087
0.0613203
0.0581355
0.0545373
0.0505072
0.0460251
0.0410692
0.0356163
0.0296417
0.0231198
0.0160239
0.00832659
0
0
0.00829843
0.0159678
0.0230363
0.0295316
0.0354804
0.0409088
0.0458415
0.0503018
0.0543116
0.0578913
0.0610594
0.0638328
0.0662264
0.0682536
0.0699256
0.0712519
0.0722399
0.0728955
0.0732224
0.0732224
0.0728955
0.0722399
0.0712519
0.0699256
0.0682536
0.0662264
0.0638328
0.0610594
0.0578913
0.0543116
0.0503018
0.0458415
0.0409088
0.0354804
0.0295316
0.0230363
0.0159678
0.00829843
0
0
0.00824184
0.0158552
0.0228686
0.0293103
0.0352076
0.0405867
0.0454728
0.0498894
0.0538587
0.0574013
0.0605357
0.0632791
0.0656464
0.0676509
0.069304
0.0706152
0.0715919
0.0722399
0.072563
0.072563
0.0722399
0.0715919
0.0706152
0.069304
0.0676509
0.0656464
0.0632791
0.0605357
0.0574013
0.0538587
0.0498894
0.0454728
0.0405867
0.0352076
0.0293103
0.0228686
0.0158552
0.00824184
0
0
0.00815632
0.0156849
0.0226152
0.0289761
0.0347954
0.0401002
0.044916
0.0492668
0.0531752
0.0566618
0.0597457
0.0624439
0.0647716
0.0667422
0.068367
0.0696554
0.0706152
0.0712519
0.0715693
0.0715693
0.0712519
0.0706152
0.0696554
0.068367
0.0667422
0.0647716
0.0624439
0.0597457
0.0566618
0.0531752
0.0492668
0.044916
0.0401002
0.0347954
0.0289761
0.0226152
0.0156849
0.00815632
0
0
0.00804107
0.0154555
0.0222738
0.0285258
0.0342404
0.0394453
0.0441667
0.0484292
0.0522559
0.0556677
0.0586839
0.0613218
0.0635966
0.0655218
0.0671087
0.068367
0.069304
0.0699256
0.0702354
0.0702354
0.0699256
0.069304
0.068367
0.0671087
0.0655218
0.0635966
0.0613218
0.0586839
0.0556677
0.0522559
0.0484292
0.0441667
0.0394453
0.0342404
0.0285258
0.0222738
0.0154555
0.00804107
0
0
0.00789498
0.0151648
0.0218412
0.0279555
0.0335377
0.0386164
0.0432187
0.0473701
0.0510939
0.0544117
0.057343
0.0599052
0.0621137
0.0639821
0.0655218
0.0667422
0.0676509
0.0682536
0.068554
0.068554
0.0682536
0.0676509
0.0667422
0.0655218
0.0639821
0.0621137
0.0599052
0.057343
0.0544117
0.0510939
0.0473701
0.0432187
0.0386164
0.0335377
0.0279555
0.0218412
0.0151648
0.00789498
0
0
0.00771663
0.0148099
0.0213134
0.0272599
0.0326809
0.0376063
0.0420643
0.046081
0.0496805
0.0528848
0.0557137
0.0581847
0.0603136
0.0621137
0.0635966
0.0647716
0.0656464
0.0662264
0.0665155
0.0665155
0.0662264
0.0656464
0.0647716
0.0635966
0.0621137
0.0603136
0.0581847
0.0557137
0.0528848
0.0496805
0.046081
0.0420643
0.0376063
0.0326809
0.0272599
0.0213134
0.0148099
0.00771663
0
0
0.00750419
0.0143873
0.0206851
0.0264323
0.0316622
0.0364063
0.0406937
0.0445517
0.0480049
0.0510759
0.0537847
0.0561491
0.0581847
0.0599052
0.0613218
0.0624439
0.0632791
0.0638328
0.0641087
0.0641087
0.0638328
0.0632791
0.0624439
0.0613218
0.0599052
0.0581847
0.0561491
0.0537847
0.0510759
0.0480049
0.0445517
0.0406937
0.0364063
0.0316622
0.0264323
0.0206851
0.0143873
0.00750419
0
0
0.0072554
0.0138925
0.0199498
0.0254646
0.030472
0.0350053
0.0390952
0.0427696
0.0460542
0.0489717
0.0515425
0.0537847
0.0557137
0.057343
0.0586839
0.0597457
0.0605357
0.0610594
0.0613203
0.0613203
0.0610594
0.0605357
0.0597457
0.0586839
0.057343
0.0557137
0.0537847
0.0515425
0.0489717
0.0460542
0.0427696
0.0390952
0.0350053
0.030472
0.0254646
0.0199498
0.0138925
0.0072554
0
0
0.00696741
0.0133201
0.0190998
0.0243466
0.0290985
0.0333904
0.0372545
0.04072
0.043813
0.0465567
0.0489717
0.0510759
0.0528848
0.0544117
0.0556677
0.0566618
0.0574013
0.0578913
0.0581355
0.0581355
0.0578913
0.0574013
0.0566618
0.0556677
0.0544117
0.0528848
0.0510759
0.0489717
0.0465567
0.043813
0.04072
0.0372545
0.0333904
0.0290985
0.0243466
0.0190998
0.0133201
0.00696741
0
0
0.00663673
0.0126631
0.0181251
0.0230663
0.0275274
0.0315458
0.0351551
0.0383854
0.0412636
0.043813
0.0460542
0.0480049
0.0496805
0.0510939
0.0522559
0.0531752
0.0538587
0.0543116
0.0545373
0.0545373
0.0543116
0.0538587
0.0531752
0.0522559
0.0510939
0.0496805
0.0480049
0.0460542
0.043813
0.0412636
0.0383854
0.0351551
0.0315458
0.0275274
0.0230663
0.0181251
0.0126631
0.00663673
0
0
0.00625893
0.0119131
0.0170137
0.0216085
0.0257416
0.0294528
0.0327771
0.0357456
0.0383854
0.04072
0.0427696
0.0445517
0.046081
0.0473701
0.0484292
0.0492668
0.0498894
0.0503018
0.0505072
0.0505072
0.0503018
0.0498894
0.0492668
0.0484292
0.0473701
0.046081
0.0445517
0.0427696
0.04072
0.0383854
0.0357456
0.0327771
0.0294528
0.0257416
0.0216085
0.0170137
0.0119131
0.00625893
0
0
0.00582838
0.0110594
0.0157505
0.0199549
0.0237204
0.0270891
0.0300975
0.0327771
0.0351551
0.0372545
0.0390952
0.0406937
0.0420643
0.0432187
0.0441667
0.044916
0.0454728
0.0458415
0.0460251
0.0460251
0.0458415
0.0454728
0.044916
0.0441667
0.0432187
0.0420643
0.0406937
0.0390952
0.0372545
0.0351551
0.0327771
0.0300975
0.0270891
0.0237204
0.0199549
0.0157505
0.0110594
0.00582838
0
0
0.00533778
0.010088
0.0143165
0.0180828
0.0214386
0.0244282
0.0270891
0.0294528
0.0315458
0.0333904
0.0350053
0.0364063
0.0376063
0.0386164
0.0394453
0.0401002
0.0405867
0.0409088
0.0410692
0.0410692
0.0409088
0.0405867
0.0401002
0.0394453
0.0386164
0.0376063
0.0364063
0.0350053
0.0333904
0.0315458
0.0294528
0.0270891
0.0244282
0.0214386
0.0180828
0.0143165
0.010088
0.00533778
0
0
0.00477728
0.00898078
0.0126874
0.0159638
0.0188656
0.0214386
0.0237204
0.0257416
0.0275274
0.0290985
0.030472
0.0316622
0.0326809
0.0335377
0.0342404
0.0347954
0.0352076
0.0354804
0.0356163
0.0356163
0.0354804
0.0352076
0.0347954
0.0342404
0.0335377
0.0326809
0.0316622
0.030472
0.0290985
0.0275274
0.0257416
0.0237204
0.0214386
0.0188656
0.0159638
0.0126874
0.00898078
0.00477728
0
0
0.0041331
0.007713
0.0108311
0.0135618
0.0159638
0.0180828
0.0199549
0.0216085
0.0230663
0.0243466
0.0254646
0.0264323
0.0272599
0.0279555
0.0285258
0.0289761
0.0293103
0.0295316
0.0296417
0.0296417
0.0295316
0.0293103
0.0289761
0.0285258
0.0279555
0.0272599
0.0264323
0.0254646
0.0243466
0.0230663
0.0216085
0.0199549
0.0180828
0.0159638
0.0135618
0.0108311
0.007713
0.0041331
0
0
0.00338467
0.00624956
0.00870469
0.0108311
0.0126874
0.0143165
0.0157505
0.0170137
0.0181251
0.0190998
0.0199498
0.0206851
0.0213134
0.0218412
0.0222738
0.0226152
0.0228686
0.0230363
0.0231198
0.0231198
0.0230363
0.0228686
0.0226152
0.0222738
0.0218412
0.0213134
0.0206851
0.0199498
0.0190998
0.0181251
0.0170137
0.0157505
0.0143165
0.0126874
0.0108311
0.00870469
0.00624956
0.00338467
0
0
0.00249855
0.00453842
0.00624956
0.007713
0.00898078
0.010088
0.0110594
0.0119131
0.0126631
0.0133201
0.0138925
0.0143873
0.0148099
0.0151648
0.0154555
0.0156849
0.0158552
0.0159678
0.0160239
0.0160239
0.0159678
0.0158552
0.0156849
0.0154555
0.0151648
0.0148099
0.0143873
0.0138925
0.0133201
0.0126631
0.0119131
0.0110594
0.010088
0.00898078
0.007713
0.00624956
0.00453842
0.00249855
0
0
0.00141364
0.00249855
0.00338467
0.0041331
0.00477728
0.00533778
0.00582838
0.00625893
0.00663673
0.00696741
0.0072554
0.00750419
0.00771663
0.00789498
0.00804107
0.00815632
0.00824184
0.00829843
0.00832659
0.00832659
0.00829843
0.00824184
0.00815632
0.00804107
0.00789498
0.00771663
0.00750419
0.0072554
0.00696741
0.00663673
0.00625893
0.00582838
0.00533778
0.00477728
0.0041331
0.00338467
0.00249855
0.00141364
0
0
0
0
0
0
0
0
0
0
0
0
0
0
0
0
0
0
0
0
0
0
0
0
0
0
0
0
0
0
0
0
0
0
0
0
0
0
0
0
0
